1.000000000000000000e+00 3.401587755163136273e-01 3.116946017409185643e-01 4.247375701224678224e-01 3.528896150162436074e-01 4.105013961982479365e-01 2.839408503681811191e-01 2.154992090302447483e-01 3.451103708244780965e-01 2.490845099435114174e-01 2.883250265221904973e-01 2.691114530802319882e-01 2.269910738682440754e-01 3.051816229335868047e-01 2.627097409603058598e-01 2.155994440628167530e-01 3.789461856934084882e-01 3.079469762635946850e-01 3.130586399876533754e-01 3.621820649479243204e-01 1.811377940034070710e-01 5.033654750032394709e-01 2.408094878397167571e-01 2.598529724826084131e-01 3.127503542537934944e-01 3.843703361848050393e-01 2.530334903674519853e-01 3.036256852425643915e-01 3.354130008708247068e-01 3.268164946084174405e-01
3.401587755163136273e-01 1.000000000000000000e+00 4.281599155781773969e-01 5.021830823010756673e-01 5.449218030360198917e-01 3.643762197909417577e-01 3.674387515835809692e-01 3.508747544326684120e-01 2.903482893514835461e-01 5.299752449167873802e-01 2.828074062686135592e-01 4.157440504887728316e-01 4.699202048327381642e-01 3.624913941071109535e-01 4.237245406806350312e-01 5.660857347585339649e-01 3.725721934449923722e-01 2.367365985627080394e-01 4.212467364977796058e-01 3.166936161613123635e-01 3.913537718221817840e-01 4.248344796034042581e-01 3.873049877418237030e-01 4.321209317281686779e-01 4.167432253582732393e-01 4.032847989304496616e-01 5.527357776211156981e-01 4.790040756383066034e-01 4.198566841077834288e-01 3.490596296270194188e-01
3.116946017409185643e-01 4.281599155781773969e-01 1.000000000000000000e+00 5.112213770050998418e-01 3.332208600423987588e-01 3.942001564880478481e-01 3.564723160687660597e-01 3.833988477780383985e-01 2.580686801841314271e-01 4.111176721845626880e-01 4.578753611834264214e-01 3.710494861062071936e-01 3.772086073441348053e-01 4.978874473425499714e-01 4.887662962489661700e-01 3.969980795654475259e-01 4.237718387540864162e-01 2.743181415201329520e-01 4.337660663251693971e-01 4.003705966400002980e-01 4.872055816749889523e-01 3.671667046481378316e-01 3.589314196148058467e-01 3.380862863545739949e-01 4.488548741348812321e-01 4.465945042213307903e-01 3.854786726773731798e-01 3.383053259843806226e-01 4.475530185991801746e-01 3.785923432242718212e-01
4.247375701224678224e-01 5.021830823010756673e-01 5.112213770050998418e-01 1.000000000000000000e+00 4.172800939027764833e-01 3.845941797170547849e-01 3.881946602369269472e-01 3.381654205190157692e-01 4.146824698097396622e-01 4.290550483384077407e-01 4.181348773309547795e-01 4.489697805465832081e-01 4.007874491666236771e-01 4.752214697165512147e-01 3.703615987432616330e-01 4.136120740443770538e-01 5.081217569222047370e-01 3.269075200810702131e-01 4.441571413947412728e-01 4.964725511181451445e-01 4.287068054936070682e-01 3.815999516553856274e-01 4.234451572503070138e-01 3.593219296406828800e-01 4.788801389679320786e-01 4.857897375301784004e-01 4.226491772110467227e-01 3.717317977291926256e-01 3.669294851911395483e-01 4.701240666057275863e-01
3.528896150162436074e-01 5.449218030360198917e-01 3.332208600423987588e-01 4.172800939027764833e-01 1.000000000000000000e+00 4.118202923455836495e-01 5.146595965156408603e-01 4.166468135294901787e-01 2.189725480491067633e-01 5.942242242155756360e-01 3.897735082799158035e-01 4.387716340600884557e-01 6.388982032578156556e-01 3.855800326103367981e-01 4.538112153419857075e-01 4.158063872614394807e-01 3.527681236472572368e-01 2.305165749480639903e-01 4.981012531611125338e-01 3.359032221656746420e-01 3.547011569398972330e-01 3.618865979156632440e-01 3.098810301203190343e-01 4.349772178960161773e-01 3.614872852690562133e-01 3.619115107563585232e-01 4.975489454895205554e-01 3.612340622333709006e-01 4.564473821722440094e-01 3.858928673914459040e-01
4.105013961982479365e-01 3.643762197909417577e-01 3.942001564880478481e-01 3.845941797170547849e-01 4.118202923455836495e-01 1.000000000000000000e+00 4.279486906316033457e-01 4.167015577002791682e-01 3.344509801236026370e-01 3.717252436677552785e-01 4.224981658281717900e-01 3.806582579006660971e-01 3.682172264464546596e-01 4.368386291759890350e-01 3.904941126127506323e-01 3.130628210591674954e-01 5.501996016569795644e-01 2.418048744193514732e-01 3.703604116676998403e-01 4.147656725832902236e-01 2.627778574070681605e-01 5.087114262510707974e-01 3.189070265392862646e-01 3.397555856657091256e-01 5.179238131511534338e-01 5.002299155219861460e-01 3.131098850195361827e-01 4.312104171251359142e-01 4.103566474830270261e-01 4.294317082941011554e-01
2.839408503681811191e-01 3.674387515835809692e-01 3.564723160687660597e-01 3.881946602369269472e-01 5.146595965156408603e-01 4.279486906316033457e-01 1.000000000000000000e+00 5.310280834307160580e-01 2.511681325081179250e-01 4.804721163597705513e-01 4.817364405498641422e-01 4.241301641076913320e-01 4.271823771032275951e-01 4.428671397762472539e-01 5.289079917835270983e-01 3.307250184269434623e-01 4.540253714597001222e-01 4.007320018052429322e-01 5.331603869541461371e-01 4.312560941819737481e-01 3.659248892668702235e-01 3.343477833725340687e-01 3.444927633392453337e-01 4.712536403861429246e-01 4.374201073902330705e-01 4.305457144840497685e-01 3.526173838470947342e-01 3.982743258433518729e-01 4.418386210370323086e-01 4.624637549031388462e-01
2.154992090302447483e-01 3.508747544326684120e-01 3.833988477780383985e-01 3.381654205190157692e-01 4.166468135294901787e-01 4.167015577002791682e-01 5.310280834307160580e-01 1.000000000000000000e+00 2.647548240133186237e-01 4.822016492669239374e-01 4.163710864041100246e-01 3.781271329641590073e-01 3.391308530156156853e-01 3.323274302610116915e-01 5.763949108277971467e-01 3.608850702051286108e-01 3.876860336895663339e-01 2.915296379076233180e-01 4.558660221077709962e-01 3.539794378380947681e-01 3.219386965123571254e-01 4.080220444447245631e-01 3.437296154405382609e-01 4.744651457554149299e-01 3.776800984631374369e-01 3.828640899361009375e-01 3.428043200567190141e-01 4.494859952958738525e-01 3.770943713827980548e-01 4.415282482483125492e-01
3.451103708244780965e-01 2.903482893514835461e-01 2.580686801841314271e-01 4.146824698097396622e-01 2.189725480491067633e-01 3.344509801236026370e-01 2.511681325081179250e-01 2.647548240133186237e-01 1.000000000000000000e+00 2.592106656686911093e-01 2.651063769814747118e-01 3.972177863117854479e-01 1.697771224128563350e-01 2.600419285521540225e-01 2.976550782877066537e-01 3.743708026693127189e-01 4.239578047693140506e-01 2.771847042069224276e-01 2.273226258328005511e-01 3.675499375245266931e-01 2.359394016809850392e-01 4.095734796583846427e-01 2.442394546185250037e-01 2.320058467340184727e-01 2.827044034155719032e-01 4.139080548767639645e-01 2.461602069438318940e-01 3.519866708144732126e-01 2.190514271587003792e-01 3.034620973481055861e-01
2.490845099435114174e-01 5.299752449167873802e-01 4.111176721845626880e-01 4.290550483384077407e-01 5.942242242155756360e-01 3.717252436677552785e-01 4.804721163597705513e-01 4.822016492669239374e-01 2.592106656686911093e-01 1.000000000000000000e+00 5.453183231307819900e-01 5.447880765294152994e-01 5.641291946651385558e-01 5.047826235352911306e-01 4.704120649632127504e-01 5.137333547286053737e-01 4.062738668773965278e-01 2.182963813426083977e-01 4.998821582560418753e-01 3.778306244789867430e-01 5.002428707636775718e-01 3.748546380663943522e-01 4.830891193957616014e-01 3.806876758198451949e-01 3.918494028126013329e-01 3.925980910105075772e-01 5.524502173436227626e-01 5.087087592360448607e-01 3.583992000619267704e-01 3.860120403353659579e-01
2.883250265221904973e-01 2.828074062686135592e-01 4.578753611834264214e-01 4.181348773309547795e-01 3.897735082799158035e-01 4.224981658281717900e-01 4.817364405498641422e-01 4.163710864041100246e-01 2.651063769814747118e-01 5.453183231307819900e-01 1.000000000000000000e+00 3.599223767459472367e-01 3.116564386780612539e-01 5.852313646603068964e-01 4.582689179184448180e-01 2.794440845565163145e-01 4.046624111329517604e-01 2.391724665185946952e-01 4.730993834907777362e-01 4.095943863347472069e-01 2.570925648456122703e-01 3.403601545252540883e-01 3.330013861206588266e-01 3.609086415297640404e-01 4.429019066930537374e-01 4.446276688388960951e-01 4.279384181854468117e-01 2.872335079805840574e-01 4.601882216142607618e-01 3.981319834338226116e-01
2.691114530802319882e-01 4.157440504887728316e-01 3.710494861062071936e-01 4.489697805465832081e-01 4.387716340600884557e-01 3.806582579006660971e-01 4.241301641076913320e-01 3.781271329641590073e-01 3.972177863117854479e-01 5.447880765294152994e-01 3.599223767459472367e-01 1.000000000000000000e+00 3.985567373360860977e-01 3.701155416271126875e-01 4.391113555591852347e-01 4.832908898835689415e-01 4.809192516418315799e-01 1.420492897756745199e-01 4.429790653120161403e-01 3.689466312650452329e-01 4.579431506819008346e-01 3.510476356186726377e-01 3.037274091468309956e-01 3.230669785964257468e-01 3.749560056729249746e-01 4.089101385942311984e-01 5.340056005323143840e-01 4.219109579906260565e-01 3.150971000637292629e-01 3.278365930024761954e-01
2.269910738682440754e-01 4.699202048327381642e-01 3.772086073441348053e-01 4.007874491666236771e-01 6.388982032578156556e-01 3.682172264464546596e-01 4.271823771032275951e-01 3.391308530156156853e-01 1.697771224128563350e-01 5.641291946651385558e-01 3.116564386780612539e-01 3.985567373360860977e-01 1.000000000000000000e+00 5.089449440905799982e-01 4.448293041612255694e-01 4.082381658894653209e-01 3.444848280923392125e-01 2.756748167974086838e-01 5.766299882332983628e-01 3.469895400615639058e-01 4.280508233238425331e-01 3.407122487188389837e-01 4.020133151473410660e-01 3.744230194149089641e-01 3.979298992390779000e-01 3.781241055505470405e-01 5.114135666730890151e-01 4.554836464417713615e-01 4.019836629665170524e-01 5.038625079822411923e-01
3.051816229335868047e-01 3.624913941071109535e-01 4.978874473425499714e-01 4.752214697165512147e-01 3.855800326103367981e-01 4.368386291759890350e-01 4.428671397762472539e-01 3.323274302610116915e-01 2.600419285521540225e-01 5.047826235352911306e-01 5.852313646603068964e-01 3.701155416271126875e-01 5.089449440905799982e-01 1.000000000000000000e+00 4.607517313751882115e-01 3.409590467417501491e-01 4.789939864831155858e-01 2.934050872656393527e-01 5.448146550509044284e-01 4.276352245585512413e-01 4.062492079110637255e-01 3.864723086987956746e-01 3.523964542526752952e-01 3.698373519524191799e-01 5.113455755746233455e-01 5.074282732963224518e-01 4.372970595776749514e-01 3.255593665078570509e-01 4.372689330074539527e-01 4.765148428133788028e-01
2.627097409603058598e-01 4.237245406806350312e-01 4.887662962489661700e-01 3.703615987432616330e-01 4.538112153419857075e-01 3.904941126127506323e-01 5.289079917835270983e-01 5.763949108277971467e-01 2.976550782877066537e-01 4.704120649632127504e-01 4.582689179184448180e-01 4.391113555591852347e-01 4.448293041612255694e-01 4.607517313751882115e-01 1.000000000000000000e+00 4.545494795986395609e-01 3.465878772423477416e-01 2.956070899919521766e-01 5.188459153280180480e-01 4.108823214510517463e-01 4.242314105251595580e-01 3.869159151185585510e-01 4.569154960016186262e-01 4.961198535557139189e-01 4.824793586969504666e-01 5.405731626699934456e-01 4.813738597827600940e-01 4.867670571382312072e-01 4.525035215197493188e-01 3.962574786852519071e-01
2.155994440628167530e-01 5.660857347585339649e-01 3.969980795654475259e-01 4.136120740443770538e-01 4.158063872614394807e-01 3.130628210591674954e-01 3.307250184269434623e-01 3.608850702051286108e-01 3.743708026693127189e-01 5.137333547286053737e-01 2.794440845565163145e-01 4.832908898835689415e-01 4.082381658894653209e-01 3.409590467417501491e-01 4.545494795986395609e-01 1.000000000000000000e+00 3.654083324522771625e-01 1.536069288940359878e-01 3.914839947582321455e-01 4.256699931902340195e-01 4.386885296199748430e-01 4.538759805052122176e-01 5.699288822901312779e-01 3.219961167515691391e-01 5.277485765263720818e-01 4.038947397295715169e-01 5.547512120631939991e-01 4.535068847091819899e-01 3.446284979763932776e-01 2.856839862260771579e-01
3.789461856934084882e-01 3.725721934449923722e-01 4.237718387540864162e-01 5.081217569222047370e-01 3.527681236472572368e-01 5.501996016569795644e-01 4.540253714597001222e-01 3.876860336895663339e-01 4.239578047693140506e-01 4.062738668773965278e-01 4.046624111329517604e-01 4.809192516418315799e-01 3.444848280923392125e-01 4.789939864831155858e-01 3.465878772423477416e-01 3.654083324522771625e-01 1.000000000000000000e+00 2.485988665622448357e-01 3.911811770665726273e-01 4.079154227714860137e-01 3.802021404947372174e-01 4.768934897903484016e-01 3.582640982720121103e-01 3.005792101933798532e-01 4.906020773411249869e-01 5.085683048481483004e-01 3.646854778578235701e-01 3.482054000734027266e-01 3.526399232477533396e-01 3.906076476099957784e-01
3.079469762635946850e-01 2.367365985627080394e-01 2.743181415201329520e-01 3.269075200810702131e-01 2.305165749480639903e-01 2.418048744193514732e-01 4.007320018052429322e-01 2.915296379076233180e-01 2.771847042069224276e-01 2.182963813426083977e-01 2.391724665185946952e-01 1.420492897756745199e-01 2.756748167974086838e-01 2.934050872656393527e-01 2.956070899919521766e-01 1.536069288940359878e-01 2.485988665622448357e-01 1.000000000000000000e+00 3.185552904216215064e-01 3.788326477547239168e-01 2.733529457055765555e-01 3.476352147094549094e-01 1.899374003874658157e-01 2.424648214045475592e-01 2.746692770312838539e-01 3.196686626314240165e-01 1.735562175752934644e-01 1.797381558203174357e-01 2.051519139058022578e-01 3.621510595389964005e-01
3.130586399876533754e-01 4.212467364977796058e-01 4.337660663251693971e-01 4.441571413947412728e-01 4.981012531611125338e-01 3.703604116676998403e-01 5.331603869541461371e-01 4.558660221077709962e-01 2.273226258328005511e-01 4.998821582560418753e-01 4.730993834907777362e-01 4.429790653120161403e-01 5.766299882332983628e-01 5.448146550509044284e-01 5.188459153280180480e-01 3.914839947582321455e-01 3.911811770665726273e-01 3.185552904216215064e-01 1.000000000000000000e+00 4.590355630270481768e-01 5.016461600798429732e-01 4.049685762286648893e-01 4.385326164502568735e-01 4.956667170418103674e-01 4.707424470272220662e-01 4.849076451815252931e-01 4.610539880082435982e-01 5.020191638249609234e-01 4.491277498471192842e-01 5.471253078902003075e-01
3.621820649479243204e-01 3.166936161613123635e-01 4.003705966400002980e-01 4.964725511181451445e-01 3.359032221656746420e-01 4.147656725832902236e-01 4.312560941819737481e-01 3.539794378380947681e-01 3.675499375245266931e-01 3.778306244789867430e-01 4.095943863347472069e-01 3.689466312650452329e-01 3.469895400615639058e-01 4.276352245585512413e-01 4.108823214510517463e-01 4.256699931902340195e-01 4.079154227714860137e-01 3.788326477547239168e-01 4.590355630270481768e-01 1.000000000000000000e+00 4.168216509554532045e-01 4.955648687799847352e-01 4.805482205626471215e-01 3.904227372193804224e-01 5.400923267862869359e-01 4.789999327105146643e-01 4.083857953738156965e-01 3.884269542170859513e-01 4.060960589256373265e-01 4.344773983417747898e-01
1.811377940034070710e-01 3.913537718221817840e-01 4.872055816749889523e-01 4.287068054936070682e-01 3.547011569398972330e-01 2.627778574070681605e-01 3.659248892668702235e-01 3.219386965123571254e-01 2.359394016809850392e-01 5.002428707636775718e-01 2.570925648456122703e-01 4.579431506819008346e-01 4.280508233238425331e-01 4.062492079110637255e-01 4.242314105251595580e-01 4.386885296199748430e-01 3.802021404947372174e-01 2.733529457055765555e-01 5.016461600798429732e-01 4.168216509554532045e-01 1.000000000000000000e+00 3.290322811479713394e-01 2.863812337978147715e-01 3.024410591632737955e-01 3.962772404042392838e-01 4.473350864888290257e-01 4.957159338937715543e-01 2.947463184970494088e-01 3.168252046056277971e-01 3.171709817925679742e-01
5.033654750032394709e-01 4.248344796034042581e-01 3.671667046481378316e-01 3.815999516553856274e-01 3.618865979156632440e-01 5.087114262510707974e-01 3.343477833725340687e-01 4.080220444447245631e-01 4.095734796583846427e-01 3.748546380663943522e-01 3.403601545252540883e-01 3.510476356186726377e-01 3.407122487188389837e-01 3.864723086987956746e-01 3.869159151185585510e-01 4.538759805052122176e-01 4.768934897903484016e-01 3.476352147094549094e-01 4.049685762286648893e-01 4.955648687799847352e-01 3.290322811479713394e-01 1.000000000000000000e+00 3.514060156247051925e-01 4.272277876403976493e-01 4.554687857209583912e-01 3.587033438200498137e-01 3.820264921136584113e-01 5.032050973421673401e-01 4.658611647396418420e-01 4.404139398278112960e-01
2.408094878397167571e-01 3.873049877418237030e-01 3.589314196148058467e-01 4.234451572503070138e-01 3.098810301203190343e-01 3.189070265392862646e-01 3.444927633392453337e-01 3.437296154405382609e-01 2.442394546185250037e-01 4.830891193957616014e-01 3.330013861206588266e-01 3.037274091468309956e-01 4.020133151473410660e-01 3.523964542526752952e-01 4.569154960016186262e-01 5.699288822901312779e-01 3.582640982720121103e-01 1.899374003874658157e-01 4.385326164502568735e-01 4.805482205626471215e-01 2.863812337978147715e-01 3.514060156247051925e-01 1.000000000000000000e+00 4.341368336747398748e-01 5.115956584194558676e-01 4.016373266432133327e-01 5.176844397205717652e-01 3.534395743916879939e-01 3.792862565621513693e-01 3.670504489185716368e-01
2.598529724826084131e-01 4.321209317281686779e-01 3.380862863545739949e-01 3.593219296406828800e-01 4.349772178960161773e-01 3.397555856657091256e-01 4.712536403861429246e-01 4.744651457554149299e-01 2.320058467340184727e-01 3.806876758198451949e-01 3.609086415297640404e-01 3.230669785964257468e-01 3.744230194149089641e-01 3.698373519524191799e-01 4.961198535557139189e-01 3.219961167515691391e-01 3.005792101933798532e-01 2.424648214045475592e-01 4.956667170418103674e-01 3.904227372193804224e-01 3.024410591632737955e-01 4.272277876403976493e-01 4.341368336747398748e-01 1.000000000000000000e+00 3.660846238387527318e-01 3.720445132081575679e-01 3.659970447342268951e-01 4.641933673766671653e-01 6.238324374667325589e-01 4.232770087707755646e-01
3.127503542537934944e-01 4.167432253582732393e-01 4.488548741348812321e-01 4.788801389679320786e-01 3.614872852690562133e-01 5.179238131511534338e-01 4.374201073902330705e-01 3.776800984631374369e-01 2.827044034155719032e-01 3.918494028126013329e-01 4.429019066930537374e-01 3.749560056729249746e-01 3.979298992390779000e-01 5.113455755746233455e-01 4.824793586969504666e-01 5.277485765263720818e-01 4.906020773411249869e-01 2.746692770312838539e-01 4.707424470272220662e-01 5.400923267862869359e-01 3.962772404042392838e-01 4.554687857209583912e-01 5.115956584194558676e-01 3.660846238387527318e-01 1.000000000000000000e+00 5.358203665532770277e-01 4.479315973063774936e-01 4.354709423041567273e-01 3.934681640740719244e-01 4.455937794958979570e-01
3.843703361848050393e-01 4.032847989304496616e-01 4.465945042213307903e-01 4.857897375301784004e-01 3.619115107563585232e-01 5.002299155219861460e-01 4.305457144840497685e-01 3.828640899361009375e-01 4.139080548767639645e-01 3.925980910105075772e-01 4.446276688388960951e-01 4.089101385942311984e-01 3.781241055505470405e-01 5.074282732963224518e-01 5.405731626699934456e-01 4.038947397295715169e-01 5.085683048481483004e-01 3.196686626314240165e-01 4.849076451815252931e-01 4.789999327105146643e-01 4.473350864888290257e-01 3.587033438200498137e-01 4.016373266432133327e-01 3.720445132081575679e-01 5.358203665532770277e-01 1.000000000000000000e+00 4.285053963475179417e-01 4.491644913917925419e-01 3.601671485344694057e-01 4.697771257780802290e-01
2.530334903674519853e-01 5.527357776211156981e-01 3.854786726773731798e-01 4.226491772110467227e-01 4.975489454895205554e-01 3.131098850195361827e-01 3.526173838470947342e-01 3.428043200567190141e-01 2.461602069438318940e-01 5.524502173436227626e-01 4.279384181854468117e-01 5.340056005323143840e-01 5.114135666730890151e-01 4.372970595776749514e-01 4.813738597827600940e-01 5.547512120631939991e-01 3.646854778578235701e-01 1.735562175752934644e-01 4.610539880082435982e-01 4.083857953738156965e-01 4.957159338937715543e-01 3.820264921136584113e-01 5.176844397205717652e-01 3.659970447342268951e-01 4.479315973063774936e-01 4.285053963475179417e-01 1.000000000000000000e+00 5.308810325319328616e-01 3.930256877454637587e-01 3.418688346039417958e-01
3.036256852425643915e-01 4.790040756383066034e-01 3.383053259843806226e-01 3.717317977291926256e-01 3.612340622333709006e-01 4.312104171251359142e-01 3.982743258433518729e-01 4.494859952958738525e-01 3.519866708144732126e-01 5.087087592360448607e-01 2.872335079805840574e-01 4.219109579906260565e-01 4.554836464417713615e-01 3.255593665078570509e-01 4.867670571382312072e-01 4.535068847091819899e-01 3.482054000734027266e-01 1.797381558203174357e-01 5.020191638249609234e-01 3.884269542170859513e-01 2.947463184970494088e-01 5.032050973421673401e-01 3.534395743916879939e-01 4.641933673766671653e-01 4.354709423041567273e-01 4.491644913917925419e-01 5.308810325319328616e-01 1.000000000000000000e+00 4.379014072526158374e-01 4.688405647562310374e-01
3.354130008708247068e-01 4.198566841077834288e-01 4.475530185991801746e-01 3.669294851911395483e-01 4.564473821722440094e-01 4.103566474830270261e-01 4.418386210370323086e-01 3.770943713827980548e-01 2.190514271587003792e-01 3.583992000619267704e-01 4.601882216142607618e-01 3.150971000637292629e-01 4.019836629665170524e-01 4.372689330074539527e-01 4.525035215197493188e-01 3.446284979763932776e-01 3.526399232477533396e-01 2.051519139058022578e-01 4.491277498471192842e-01 4.060960589256373265e-01 3.168252046056277971e-01 4.658611647396418420e-01 3.792862565621513693e-01 6.238324374667325589e-01 3.934681640740719244e-01 3.601671485344694057e-01 3.930256877454637587e-01 4.379014072526158374e-01 1.000000000000000000e+00 3.732252356532564375e-01
3.268164946084174405e-01 3.490596296270194188e-01 3.785923432242718212e-01 4.701240666057275863e-01 3.858928673914459040e-01 4.294317082941011554e-01 4.624637549031388462e-01 4.415282482483125492e-01 3.034620973481055861e-01 3.860120403353659579e-01 3.981319834338226116e-01 3.278365930024761954e-01 5.038625079822411923e-01 4.765148428133788028e-01 3.962574786852519071e-01 2.856839862260771579e-01 3.906076476099957784e-01 3.621510595389964005e-01 5.471253078902003075e-01 4.344773983417747898e-01 3.171709817925679742e-01 4.404139398278112960e-01 3.670504489185716368e-01 4.232770087707755646e-01 4.455937794958979570e-01 4.697771257780802290e-01 3.418688346039417958e-01 4.688405647562310374e-01 3.732252356532564375e-01 1.000000000000000000e+00
