1.000000000000000000e+00 3.401587755163136273e-01 2.104455735782684578e-01 4.247375701224678224e-01 3.528896150162436074e-01 4.105013961982479365e-01 2.839408503681811191e-01 2.154992090302447483e-01 3.451103708244780965e-01 2.490845099435114174e-01 1.985245260895055763e-01 2.691114530802319882e-01 2.269910738682440754e-01 2.108266562438928793e-01 2.627097409603058598e-01 2.155994440628167530e-01 3.014266171584912279e-01 2.384893492280633631e-01 3.130586399876533754e-01 3.621820649479243204e-01 1.198358413132695338e-01 5.033654750032394709e-01 2.408094878397167571e-01 2.598529724826084131e-01 2.479480164158687217e-01 3.424760601915184388e-01 2.530334903674519853e-01 3.036256852425643915e-01 3.354130008708247068e-01 3.268164946084174405e-01
3.401587755163136273e-01 1.000000000000000000e+00 3.592476060191518439e-01 5.021830823010756673e-01 5.449218030360198917e-01 3.643762197909417577e-01 3.674387515835809692e-01 3.508747544326684120e-01 2.903482893514835461e-01 5.299752449167873802e-01 1.889876880984951990e-01 4.157440504887728316e-01 4.699202048327381642e-01 2.942739886652335213e-01 4.237245406806350312e-01 5.660857347585339649e-01 2.848153214774281627e-01 1.787375415282392022e-01 4.212467364977796058e-01 3.166936161613123635e-01 3.347811217510259785e-01 4.248344796034042581e-01 3.873049877418237030e-01 4.321209317281686779e-01 3.351866327926518729e-01 3.344562243502051668e-01 5.527357776211156981e-01 4.790040756383066034e-01 4.198566841077834288e-01 3.490596296270194188e-01
2.104455735782684578e-01 3.592476060191518439e-01 1.000000000000000000e+00 3.366507067943456111e-01 2.677291381668946424e-01 2.817487460100319141e-01 2.986046511627906686e-01 3.182079343365253332e-01 1.597420363494234663e-01 2.972777017783858056e-01 3.610396716826265173e-01 2.675102599179207119e-01 2.585225718194254507e-01 3.564588626148133543e-01 3.480620155038759433e-01 2.825170998632011155e-01 2.794117647058823595e-01 1.953879226109048461e-01 3.469904240766073511e-01 2.771773825809393244e-01 2.506976744186046324e-01 2.718792749658002772e-01 2.523803009575923406e-01 2.716963064295485619e-01 3.217510259917920612e-01 3.573187414500684222e-01 2.949247606019152479e-01 2.793570451436387936e-01 3.840082079343365429e-01 2.830597355221157740e-01
4.247375701224678224e-01 5.021830823010756673e-01 3.366507067943456111e-01 1.000000000000000000e+00 4.172800939027764833e-01 3.845941797170547849e-01 3.881946602369269472e-01 3.381654205190157692e-01 4.146824698097396622e-01 4.290550483384077407e-01 3.151846785225718151e-01 4.489697805465832081e-01 4.007874491666236771e-01 3.601133476646473097e-01 3.703615987432616330e-01 4.136120740443770538e-01 3.230506155950752523e-01 2.057064686339652726e-01 4.441571413947412728e-01 4.964725511181451445e-01 2.370953032375741343e-01 3.815999516553856274e-01 4.234451572503070138e-01 3.593219296406828800e-01 3.724252491694352574e-01 3.925701094391245705e-01 4.226491772110467227e-01 3.717317977291926256e-01 3.669294851911395483e-01 4.701240666057275863e-01
3.528896150162436074e-01 5.449218030360198917e-01 2.677291381668946424e-01 4.172800939027764833e-01 1.000000000000000000e+00 4.118202923455836495e-01 5.146595965156408603e-01 4.166468135294901787e-01 2.189725480491067633e-01 5.942242242155756360e-01 2.924247606019151902e-01 4.387716340600884557e-01 6.388982032578156556e-01 3.078268516709009583e-01 4.538112153419857075e-01 4.158063872614394807e-01 2.956452348381212736e-01 1.589212429157709772e-01 4.981012531611125338e-01 3.359032221656746420e-01 3.131554947560419855e-01 3.618865979156632440e-01 3.098810301203190343e-01 4.349772178960161773e-01 3.073382841508696672e-01 3.404411764705881915e-01 4.975489454895205554e-01 3.612340622333709006e-01 4.564473821722440094e-01 3.858928673914459040e-01
4.105013961982479365e-01 3.643762197909417577e-01 2.817487460100319141e-01 3.845941797170547849e-01 4.118202923455836495e-01 1.000000000000000000e+00 4.279486906316033457e-01 4.167015577002791682e-01 3.344509801236026370e-01 3.717252436677552785e-01 3.351915184678522786e-01 3.806582579006660971e-01 3.682172264464546596e-01 3.674614031659175217e-01 3.904941126127506323e-01 3.130628210591674954e-01 4.958276333789329304e-01 1.891440297049052366e-01 3.703604116676998403e-01 4.147656725832902236e-01 2.349293205654354733e-01 5.087114262510707974e-01 3.189070265392862646e-01 3.397555856657091256e-01 4.171878053547000698e-01 4.421768125854992904e-01 3.131098850195361827e-01 4.312104171251359142e-01 4.103566474830270261e-01 4.294317082941011554e-01
2.839408503681811191e-01 3.674387515835809692e-01 2.986046511627906686e-01 3.881946602369269472e-01 5.146595965156408603e-01 4.279486906316033457e-01 1.000000000000000000e+00 5.310280834307160580e-01 2.511681325081179250e-01 4.804721163597705513e-01 3.803419972640219027e-01 4.241301641076913320e-01 4.271823771032275951e-01 3.267344146961109752e-01 5.289079917835270983e-01 3.307250184269434623e-01 3.417464660282718003e-01 2.962380300957592194e-01 5.331603869541461371e-01 4.312560941819737481e-01 3.181121751025991484e-01 3.343477833725340687e-01 3.444927633392453337e-01 4.712536403861429246e-01 3.267539573969122091e-01 3.654497264021887570e-01 3.526173838470947342e-01 3.982743258433518729e-01 4.418386210370323086e-01 4.624637549031388462e-01
2.154992090302447483e-01 3.508747544326684120e-01 3.182079343365253332e-01 3.381654205190157692e-01 4.166468135294901787e-01 4.167015577002791682e-01 5.310280834307160580e-01 1.000000000000000000e+00 2.647548240133186237e-01 4.822016492669239374e-01 3.588508891928864353e-01 3.781271329641590073e-01 3.391308530156156853e-01 3.187707641196013131e-01 5.763949108277971467e-01 3.608850702051286108e-01 3.442886456908345050e-01 2.073871409028728297e-01 4.558660221077709962e-01 3.539794378380947681e-01 2.721751025991792639e-01 4.080220444447245631e-01 3.437296154405382609e-01 4.744651457554149299e-01 3.213210865741645272e-01 3.550188098495212219e-01 3.428043200567190141e-01 4.494859952958738525e-01 3.770943713827980548e-01 4.415282482483125492e-01
3.451103708244780965e-01 2.903482893514835461e-01 1.597420363494234663e-01 4.146824698097396622e-01 2.189725480491067633e-01 3.344509801236026370e-01 2.511681325081179250e-01 2.647548240133186237e-01 1.000000000000000000e+00 2.592106656686911093e-01 2.063611491108070795e-01 3.972177863117854479e-01 1.697771224128563350e-01 2.030095759233926656e-01 2.976550782877066537e-01 3.743708026693127189e-01 2.986222395935118623e-01 2.581297635333203444e-01 2.273226258328005511e-01 3.675499375245266931e-01 1.205491498925150978e-01 4.095734796583846427e-01 2.442394546185250037e-01 2.320058467340184727e-01 2.177545436779363686e-01 2.665013679890561038e-01 2.461602069438318940e-01 3.519866708144732126e-01 2.190514271587003792e-01 3.034620973481055861e-01
2.490845099435114174e-01 5.299752449167873802e-01 2.972777017783858056e-01 4.290550483384077407e-01 5.942242242155756360e-01 3.717252436677552785e-01 4.804721163597705513e-01 4.822016492669239374e-01 2.592106656686911093e-01 1.000000000000000000e+00 3.467578659370724736e-01 5.447880765294152994e-01 5.641291946651385558e-01 2.955540355677154785e-01 4.704120649632127504e-01 5.137333547286053737e-01 3.008663930688553756e-01 1.375317568888020092e-01 4.998821582560418753e-01 3.778306244789867430e-01 3.896032831737346047e-01 3.748546380663943522e-01 4.830891193957616014e-01 3.806876758198451949e-01 3.075043971076802385e-01 3.439209986320109214e-01 5.524502173436227626e-01 5.087087592360448607e-01 3.583992000619267704e-01 3.860120403353659579e-01
1.985245260895055763e-01 1.889876880984951990e-01 3.610396716826265173e-01 3.151846785225718151e-01 2.924247606019151902e-01 3.351915184678522786e-01 3.803419972640219027e-01 3.588508891928864353e-01 2.063611491108070795e-01 3.467578659370724736e-01 1.000000000000000000e+00 2.803180574555403370e-01 1.982216142270861459e-01 3.689759624780144520e-01 3.553465572275421591e-01 1.978796169630642754e-01 3.428294573643410614e-01 1.920754348250928445e-01 3.663474692202461913e-01 2.800045599635203608e-01 1.775820793433652567e-01 2.711183310533515356e-01 2.424076607387141147e-01 2.863611491108070672e-01 3.287668555794410752e-01 3.584644322845417230e-01 3.089603283173734671e-01 1.956053351573187604e-01 3.733242134062926820e-01 2.866735066119470710e-01
2.691114530802319882e-01 4.157440504887728316e-01 2.675102599179207119e-01 4.489697805465832081e-01 4.387716340600884557e-01 3.806582579006660971e-01 4.241301641076913320e-01 3.781271329641590073e-01 3.972177863117854479e-01 5.447880765294152994e-01 2.803180574555403370e-01 1.000000000000000000e+00 3.985567373360860977e-01 2.903752198553840591e-01 4.391113555591852347e-01 4.832908898835689415e-01 3.248632010943912074e-01 1.227672464334570862e-01 4.429790653120161403e-01 3.689466312650452329e-01 3.677838577291381306e-01 3.510476356186726377e-01 3.037274091468309956e-01 3.230669785964257468e-01 2.933750244283759856e-01 3.346015731874145138e-01 5.340056005323143840e-01 4.219109579906260565e-01 3.150971000637292629e-01 3.278365930024761954e-01
2.269910738682440754e-01 4.699202048327381642e-01 2.585225718194254507e-01 4.007874491666236771e-01 6.388982032578156556e-01 3.682172264464546596e-01 4.271823771032275951e-01 3.391308530156156853e-01 1.697771224128563350e-01 5.641291946651385558e-01 1.982216142270861459e-01 3.985567373360860977e-01 1.000000000000000000e+00 3.546023060386945258e-01 4.448293041612255694e-01 4.082381658894653209e-01 2.360465116279069908e-01 1.288743404338479892e-01 5.766299882332983628e-01 3.469895400615639058e-01 3.413474692202462801e-01 3.407122487188389837e-01 4.020133151473410660e-01 3.744230194149089641e-01 3.064979480164158887e-01 3.407489740082079166e-01 5.114135666730890151e-01 4.554836464417713615e-01 4.019836629665170524e-01 5.038625079822411923e-01
2.108266562438928793e-01 2.942739886652335213e-01 3.564588626148133543e-01 3.601133476646473097e-01 3.078268516709009583e-01 3.674614031659175217e-01 3.267344146961109752e-01 3.187707641196013131e-01 2.030095759233926656e-01 2.955540355677154785e-01 3.689759624780144520e-01 2.903752198553840591e-01 3.546023060386945258e-01 1.000000000000000000e+00 3.577877662692984240e-01 2.968829392222004926e-01 3.734512409615008965e-01 1.883232362712527475e-01 3.682626538987688325e-01 3.508989642368575135e-01 2.883134649208520250e-01 3.199640902872777359e-01 2.844635528630056753e-01 3.178717998827437774e-01 3.950654680476841651e-01 4.022742818057455372e-01 3.044752784834863779e-01 2.923490326363103464e-01 3.782098886066054821e-01 3.608168848934922845e-01
2.627097409603058598e-01 4.237245406806350312e-01 3.480620155038759433e-01 3.703615987432616330e-01 4.538112153419857075e-01 3.904941126127506323e-01 5.289079917835270983e-01 5.763949108277971467e-01 2.976550782877066537e-01 4.704120649632127504e-01 3.553465572275421591e-01 4.391113555591852347e-01 4.448293041612255694e-01 3.577877662692984240e-01 1.000000000000000000e+00 4.545494795986395609e-01 2.861035111719106294e-01 2.135137776040648971e-01 5.188459153280180480e-01 4.108823214510517463e-01 3.411878704970360832e-01 3.869159151185585510e-01 4.569154960016186262e-01 4.961198535557139189e-01 3.628493257768223845e-01 3.697930916552667480e-01 4.813738597827600940e-01 4.867670571382312072e-01 4.525035215197493188e-01 3.962574786852519071e-01
2.155994440628167530e-01 5.660857347585339649e-01 2.825170998632011155e-01 4.136120740443770538e-01 4.158063872614394807e-01 3.130628210591674954e-01 3.307250184269434623e-01 3.608850702051286108e-01 3.743708026693127189e-01 5.137333547286053737e-01 1.978796169630642754e-01 4.832908898835689415e-01 4.082381658894653209e-01 2.968829392222004926e-01 4.545494795986395609e-01 1.000000000000000000e+00 2.907432740538075655e-01 1.335743599765487344e-01 3.914839947582321455e-01 4.256699931902340195e-01 3.539329685362517242e-01 4.538759805052122176e-01 5.699288822901312779e-01 3.219961167515691391e-01 3.416943521594684174e-01 3.353796169630643420e-01 5.547512120631939991e-01 4.535068847091819899e-01 3.446284979763932776e-01 2.856839862260771579e-01
3.014266171584912279e-01 2.848153214774281627e-01 2.794117647058823595e-01 3.230506155950752523e-01 2.956452348381212736e-01 4.958276333789329304e-01 3.417464660282718003e-01 3.442886456908345050e-01 2.986222395935118623e-01 3.008663930688553756e-01 3.428294573643410614e-01 3.248632010943912074e-01 2.360465116279069908e-01 3.734512409615008965e-01 2.861035111719106294e-01 2.907432740538075655e-01 1.000000000000000000e+00 1.887140902872777304e-01 2.975376196990424105e-01 3.217168262653899435e-01 2.331737346101231678e-01 3.824469904240766494e-01 2.378704970360236981e-01 2.761057911536707876e-01 3.789622825874535139e-01 4.463320793433652733e-01 2.984268125854993015e-01 2.797537619699042022e-01 2.906406748746009350e-01 3.361149110807113982e-01
2.384893492280633631e-01 1.787375415282392022e-01 1.953879226109048461e-01 2.057064686339652726e-01 1.589212429157709772e-01 1.891440297049052366e-01 2.962380300957592194e-01 2.073871409028728297e-01 2.581297635333203444e-01 1.375317568888020092e-01 1.920754348250928445e-01 1.227672464334570862e-01 1.288743404338479892e-01 1.883232362712527475e-01 2.135137776040648971e-01 1.335743599765487344e-01 1.887140902872777304e-01 1.000000000000000000e+00 2.128200117256205393e-01 3.140609732264998399e-01 2.015927301153020157e-01 3.114312585499315889e-01 1.173148329099081288e-01 1.969317959742036550e-01 1.932577682235684935e-01 2.504274965800273312e-01 1.375708422904045880e-01 1.343365253077975496e-01 1.621262458471760537e-01 2.039573969122532304e-01
3.130586399876533754e-01 4.212467364977796058e-01 3.469904240766073511e-01 4.441571413947412728e-01 4.981012531611125338e-01 3.703604116676998403e-01 5.331603869541461371e-01 4.558660221077709962e-01 2.273226258328005511e-01 4.998821582560418753e-01 3.663474692202461913e-01 4.429790653120161403e-01 5.766299882332983628e-01 3.682626538987688325e-01 5.188459153280180480e-01 3.914839947582321455e-01 2.975376196990424105e-01 2.128200117256205393e-01 1.000000000000000000e+00 4.590355630270481768e-01 3.907888736890104964e-01 4.049685762286648893e-01 4.385326164502568735e-01 4.956667170418103674e-01 3.768223568497166553e-01 3.788645690834472890e-01 4.610539880082435982e-01 5.020191638249609234e-01 4.491277498471192842e-01 5.471253078902003075e-01
3.621820649479243204e-01 3.166936161613123635e-01 2.771773825809393244e-01 4.964725511181451445e-01 3.359032221656746420e-01 4.147656725832902236e-01 4.312560941819737481e-01 3.539794378380947681e-01 3.675499375245266931e-01 3.778306244789867430e-01 2.800045599635203608e-01 3.689466312650452329e-01 3.469895400615639058e-01 3.508989642368575135e-01 4.108823214510517463e-01 4.256699931902340195e-01 3.217168262653899435e-01 3.140609732264998399e-01 4.590355630270481768e-01 1.000000000000000000e+00 3.024395804833561741e-01 4.955648687799847352e-01 4.805482205626471215e-01 3.904227372193804224e-01 3.616181356263435398e-01 3.939808481532147688e-01 4.083857953738156965e-01 3.884269542170859513e-01 4.060960589256373265e-01 4.344773983417747898e-01
1.198358413132695338e-01 3.347811217510259785e-01 2.506976744186046324e-01 2.370953032375741343e-01 3.131554947560419855e-01 2.349293205654354733e-01 3.181121751025991484e-01 2.721751025991792639e-01 1.205491498925150978e-01 3.896032831737346047e-01 1.775820793433652567e-01 3.677838577291381306e-01 3.413474692202462801e-01 2.883134649208520250e-01 3.411878704970360832e-01 3.539329685362517242e-01 2.331737346101231678e-01 2.015927301153020157e-01 3.907888736890104964e-01 3.024395804833561741e-01 1.000000000000000000e+00 3.008122435020519903e-01 1.872549019607843701e-01 2.648426812585499834e-01 2.914598397498534554e-01 3.298136114911080496e-01 3.920109439124486728e-01 2.316917464660282477e-01 2.701367989056087660e-01 2.470018239854080699e-01
5.033654750032394709e-01 4.248344796034042581e-01 2.718792749658002772e-01 3.815999516553856274e-01 3.618865979156632440e-01 5.087114262510707974e-01 3.343477833725340687e-01 4.080220444447245631e-01 4.095734796583846427e-01 3.748546380663943522e-01 2.711183310533515356e-01 3.510476356186726377e-01 3.407122487188389837e-01 3.199640902872777359e-01 3.869159151185585510e-01 4.538759805052122176e-01 3.824469904240766494e-01 3.114312585499315889e-01 4.049685762286648893e-01 4.955648687799847352e-01 3.008122435020519903e-01 1.000000000000000000e+00 3.514060156247051925e-01 4.272277876403976493e-01 3.684336525307797539e-01 3.230762653898768821e-01 3.820264921136584113e-01 5.032050973421673401e-01 4.658611647396418420e-01 4.404139398278112960e-01
2.408094878397167571e-01 3.873049877418237030e-01 2.523803009575923406e-01 4.234451572503070138e-01 3.098810301203190343e-01 3.189070265392862646e-01 3.444927633392453337e-01 3.437296154405382609e-01 2.442394546185250037e-01 4.830891193957616014e-01 2.424076607387141147e-01 3.037274091468309956e-01 4.020133151473410660e-01 2.844635528630056753e-01 4.569154960016186262e-01 5.699288822901312779e-01 2.378704970360236981e-01 1.173148329099081288e-01 4.385326164502568735e-01 4.805482205626471215e-01 1.872549019607843701e-01 3.514060156247051925e-01 1.000000000000000000e+00 4.341368336747398748e-01 2.876099276920070502e-01 3.304206566347469565e-01 5.176844397205717652e-01 3.534395743916879939e-01 3.792862565621513693e-01 3.670504489185716368e-01
2.598529724826084131e-01 4.321209317281686779e-01 2.716963064295485619e-01 3.593219296406828800e-01 4.349772178960161773e-01 3.397555856657091256e-01 4.712536403861429246e-01 4.744651457554149299e-01 2.320058467340184727e-01 3.806876758198451949e-01 2.863611491108070672e-01 3.230669785964257468e-01 3.744230194149089641e-01 3.178717998827437774e-01 4.961198535557139189e-01 3.219961167515691391e-01 2.761057911536707876e-01 1.969317959742036550e-01 4.956667170418103674e-01 3.904227372193804224e-01 2.648426812585499834e-01 4.272277876403976493e-01 4.341368336747398748e-01 1.000000000000000000e+00 3.211842876685557790e-01 3.673307113543091695e-01 3.659970447342268951e-01 4.641933673766671653e-01 6.238324374667325589e-01 4.232770087707755646e-01
2.479480164158687217e-01 3.351866327926518729e-01 3.217510259917920612e-01 3.724252491694352574e-01 3.073382841508696672e-01 4.171878053547000698e-01 3.267539573969122091e-01 3.213210865741645272e-01 2.177545436779363686e-01 3.075043971076802385e-01 3.287668555794410752e-01 2.933750244283759856e-01 3.064979480164158887e-01 3.950654680476841651e-01 3.628493257768223845e-01 3.416943521594684174e-01 3.789622825874535139e-01 1.932577682235684935e-01 3.768223568497166553e-01 3.616181356263435398e-01 2.914598397498534554e-01 3.684336525307797539e-01 2.876099276920070502e-01 3.211842876685557790e-01 1.000000000000000000e+00 4.124999999999999778e-01 3.432479968731678710e-01 3.431795974203634692e-01 3.369161618135625980e-01 3.605530584326754329e-01
3.424760601915184388e-01 3.344562243502051668e-01 3.573187414500684222e-01 3.925701094391245705e-01 3.404411764705881915e-01 4.421768125854992904e-01 3.654497264021887570e-01 3.550188098495212219e-01 2.665013679890561038e-01 3.439209986320109214e-01 3.584644322845417230e-01 3.346015731874145138e-01 3.407489740082079166e-01 4.022742818057455372e-01 3.697930916552667480e-01 3.353796169630643420e-01 4.463320793433652733e-01 2.504274965800273312e-01 3.788645690834472890e-01 3.939808481532147688e-01 3.298136114911080496e-01 3.230762653898768821e-01 3.304206566347469565e-01 3.673307113543091695e-01 4.124999999999999778e-01 1.000000000000000000e+00 3.727770177838577448e-01 3.779582763337893114e-01 3.729907660738714381e-01 4.020434336525307573e-01
2.530334903674519853e-01 5.527357776211156981e-01 2.949247606019152479e-01 4.226491772110467227e-01 4.975489454895205554e-01 3.131098850195361827e-01 3.526173838470947342e-01 3.428043200567190141e-01 2.461602069438318940e-01 5.524502173436227626e-01 3.089603283173734671e-01 5.340056005323143840e-01 5.114135666730890151e-01 3.044752784834863779e-01 4.813738597827600940e-01 5.547512120631939991e-01 2.984268125854993015e-01 1.375708422904045880e-01 4.610539880082435982e-01 4.083857953738156965e-01 3.920109439124486728e-01 3.820264921136584113e-01 5.176844397205717652e-01 3.659970447342268951e-01 3.432479968731678710e-01 3.727770177838577448e-01 1.000000000000000000e+00 5.308810325319328616e-01 3.930256877454637587e-01 3.418688346039417958e-01
3.036256852425643915e-01 4.790040756383066034e-01 2.793570451436387936e-01 3.717317977291926256e-01 3.612340622333709006e-01 4.312104171251359142e-01 3.982743258433518729e-01 4.494859952958738525e-01 3.519866708144732126e-01 5.087087592360448607e-01 1.956053351573187604e-01 4.219109579906260565e-01 4.554836464417713615e-01 2.923490326363103464e-01 4.867670571382312072e-01 4.535068847091819899e-01 2.797537619699042022e-01 1.343365253077975496e-01 5.020191638249609234e-01 3.884269542170859513e-01 2.316917464660282477e-01 5.032050973421673401e-01 3.534395743916879939e-01 4.641933673766671653e-01 3.431795974203634692e-01 3.779582763337893114e-01 5.308810325319328616e-01 1.000000000000000000e+00 4.379014072526158374e-01 4.688405647562310374e-01
3.354130008708247068e-01 4.198566841077834288e-01 3.840082079343365429e-01 3.669294851911395483e-01 4.564473821722440094e-01 4.103566474830270261e-01 4.418386210370323086e-01 3.770943713827980548e-01 2.190514271587003792e-01 3.583992000619267704e-01 3.733242134062926820e-01 3.150971000637292629e-01 4.019836629665170524e-01 3.782098886066054821e-01 4.525035215197493188e-01 3.446284979763932776e-01 2.906406748746009350e-01 1.621262458471760537e-01 4.491277498471192842e-01 4.060960589256373265e-01 2.701367989056087660e-01 4.658611647396418420e-01 3.792862565621513693e-01 6.238324374667325589e-01 3.369161618135625980e-01 3.729907660738714381e-01 3.930256877454637587e-01 4.379014072526158374e-01 1.000000000000000000e+00 3.732252356532564375e-01
3.268164946084174405e-01 3.490596296270194188e-01 2.830597355221157740e-01 4.701240666057275863e-01 3.858928673914459040e-01 4.294317082941011554e-01 4.624637549031388462e-01 4.415282482483125492e-01 3.034620973481055861e-01 3.860120403353659579e-01 2.866735066119470710e-01 3.278365930024761954e-01 5.038625079822411923e-01 3.608168848934922845e-01 3.962574786852519071e-01 2.856839862260771579e-01 3.361149110807113982e-01 2.039573969122532304e-01 5.471253078902003075e-01 4.344773983417747898e-01 2.470018239854080699e-01 4.404139398278112960e-01 3.670504489185716368e-01 4.232770087707755646e-01 3.605530584326754329e-01 4.020434336525307573e-01 3.418688346039417958e-01 4.688405647562310374e-01 3.732252356532564375e-01 1.000000000000000000e+00
