1.000000000000000000e+00 4.136175758828301019e-01 0.000000000000000000e+00 2.838001496563745119e-01 4.701661911462373666e-01 2.021377977068763987e-01 2.070428626802731376e-01 1.416891990462000595e-01 1.114812231331124420e-01 2.106778568404085727e-01 0.000000000000000000e+00 1.909289160697416610e-01 2.493713723782514380e-01 0.000000000000000000e+00 2.343100178297270464e-01 2.106079515680250036e-01 0.000000000000000000e+00 0.000000000000000000e+00 2.515981340711465064e-01 2.874416779062579641e-01 0.000000000000000000e+00 4.861411156886731866e-01 2.066260256379863491e-01 2.553584425412873116e-01 0.000000000000000000e+00 0.000000000000000000e+00 2.792272670560151937e-01 2.561572363622249826e-01 4.276227894547636743e-01 1.898426826809030132e-01
4.136175758828301019e-01 1.000000000000000000e+00 0.000000000000000000e+00 3.631583441475821905e-01 4.702473940469579228e-01 2.881350319214948663e-01 2.187678775909634998e-01 1.653195810201116001e-01 2.302434026829887626e-01 2.776056909513392457e-01 0.000000000000000000e+00 1.882999347034642335e-01 3.266472973075635888e-01 0.000000000000000000e+00 1.976777447704428925e-01 1.656418334763623545e-01 0.000000000000000000e+00 0.000000000000000000e+00 2.135135580707143987e-01 1.916143413608732693e-01 0.000000000000000000e+00 3.386551114572109999e-01 2.525476950727535974e-01 4.255827670769198323e-01 0.000000000000000000e+00 0.000000000000000000e+00 2.375507983619548069e-01 3.604291357441932186e-01 3.708455406388154740e-01 2.742108615732485877e-01
0.000000000000000000e+00 0.000000000000000000e+00 1.000000000000000000e+00 0.000000000000000000e+00 0.000000000000000000e+00 0.000000000000000000e+00 0.000000000000000000e+00 0.000000000000000000e+00 0.000000000000000000e+00 0.000000000000000000e+00 0.000000000000000000e+00 0.000000000000000000e+00 0.000000000000000000e+00 0.000000000000000000e+00 0.000000000000000000e+00 0.000000000000000000e+00 0.000000000000000000e+00 0.000000000000000000e+00 0.000000000000000000e+00 0.000000000000000000e+00 0.000000000000000000e+00 0.000000000000000000e+00 0.000000000000000000e+00 0.000000000000000000e+00 0.000000000000000000e+00 0.000000000000000000e+00 0.000000000000000000e+00 0.000000000000000000e+00 0.000000000000000000e+00 0.000000000000000000e+00
2.838001496563745119e-01 3.631583441475821905e-01 0.000000000000000000e+00 1.000000000000000000e+00 3.154015571463620882e-01 1.510089331047661521e-01 2.636638051750808120e-01 1.764954026427286438e-01 2.887337297324788499e-01 3.458934347995076819e-01 0.000000000000000000e+00 3.734789429305253594e-01 3.820985818768876663e-01 0.000000000000000000e+00 2.450444437345792037e-01 2.956295923156850303e-01 0.000000000000000000e+00 0.000000000000000000e+00 3.725052565876282862e-01 3.398475884656773083e-01 0.000000000000000000e+00 1.817273073190387167e-01 3.607674758891055156e-01 2.336331414751681990e-01 0.000000000000000000e+00 0.000000000000000000e+00 2.864451044503253940e-01 2.374405294347007866e-01 2.073943924124134475e-01 3.308049225562706974e-01
4.701661911462373666e-01 4.702473940469579228e-01 0.000000000000000000e+00 3.154015571463620882e-01 1.000000000000000000e+00 2.574919073345474096e-01 2.690703319183769260e-01 1.540315345077200027e-01 9.929281237408607574e-02 2.740010530149991075e-01 0.000000000000000000e+00 1.806044157475764633e-01 4.706637707984377417e-01 0.000000000000000000e+00 2.348187360293829684e-01 1.252290324490842877e-01 0.000000000000000000e+00 0.000000000000000000e+00 3.021101780464200970e-01 2.225384931706846092e-01 0.000000000000000000e+00 2.748002841188434964e-01 2.092100992406059901e-01 3.991735508959911582e-01 0.000000000000000000e+00 0.000000000000000000e+00 2.257807084570436496e-01 2.609852923823327564e-01 4.429994403827304250e-01 3.557490403436398552e-01
2.021377977068763987e-01 2.881350319214948663e-01 0.000000000000000000e+00 1.510089331047661521e-01 2.574919073345474096e-01 1.000000000000000000e+00 2.173865464604493314e-01 1.902947059242045269e-01 1.033005986381056313e-01 1.852695615177693267e-01 0.000000000000000000e+00 1.394876420156872798e-01 3.069999744608699066e-01 0.000000000000000000e+00 2.702389295026928484e-01 1.683729669206047164e-01 0.000000000000000000e+00 0.000000000000000000e+00 1.857334505098787725e-01 2.410865480792925564e-01 0.000000000000000000e+00 4.143273002378000114e-01 2.117967501147453857e-01 1.706098943968308856e-01 0.000000000000000000e+00 0.000000000000000000e+00 1.592852004649370767e-01 2.413012366112894935e-01 3.199237664503857270e-01 2.561203104069353920e-01
2.070428626802731376e-01 2.187678775909634998e-01 0.000000000000000000e+00 2.636638051750808120e-01 2.690703319183769260e-01 2.173865464604493314e-01 1.000000000000000000e+00 1.425496887409487545e-01 8.819979189175268519e-02 2.566522471237764336e-01 0.000000000000000000e+00 1.674731530872860252e-01 3.491118935104631227e-01 0.000000000000000000e+00 2.108358709316858759e-01 1.091996869702314965e-01 0.000000000000000000e+00 0.000000000000000000e+00 3.986499413935732372e-01 2.541833271102013625e-01 0.000000000000000000e+00 1.515115582945361083e-01 1.614713064329286740e-01 2.239959340706924318e-01 0.000000000000000000e+00 0.000000000000000000e+00 1.355790273331950457e-01 2.669922441569431149e-01 3.110261011561923361e-01 4.161343074584854529e-01
1.416891990462000595e-01 1.653195810201116001e-01 0.000000000000000000e+00 1.764954026427286438e-01 1.540315345077200027e-01 1.902947059242045269e-01 1.425496887409487545e-01 1.000000000000000000e+00 1.370678300157081586e-01 1.815643146857776891e-01 0.000000000000000000e+00 1.034231675677161899e-01 1.668079806922541652e-01 0.000000000000000000e+00 2.396933874206100545e-01 1.725615127221236944e-01 0.000000000000000000e+00 0.000000000000000000e+00 2.273873534910416105e-01 1.873311755345893892e-01 0.000000000000000000e+00 3.364880796480629876e-01 1.536126842921802238e-01 2.725855730068684757e-01 0.000000000000000000e+00 0.000000000000000000e+00 1.249314567765444778e-01 4.373948788005601052e-01 1.897263525336026491e-01 2.694327957233804693e-01
1.114812231331124420e-01 2.302434026829887626e-01 0.000000000000000000e+00 2.887337297324788499e-01 9.929281237408607574e-02 1.033005986381056313e-01 8.819979189175268519e-02 1.370678300157081586e-01 1.000000000000000000e+00 1.758261560615068941e-01 0.000000000000000000e+00 4.814654155547225534e-01 1.072403436518397785e-01 0.000000000000000000e+00 3.345715436770546058e-01 4.275969304567487361e-01 0.000000000000000000e+00 0.000000000000000000e+00 1.258109616896816441e-01 2.983208082436012987e-01 0.000000000000000000e+00 2.384087333456880731e-01 2.815972685572563639e-01 6.347660628198789623e-02 0.000000000000000000e+00 0.000000000000000000e+00 1.615945763785359701e-01 3.460845195220145776e-01 2.334676215119682249e-02 9.005059220747302362e-02
2.106778568404085727e-01 2.776056909513392457e-01 0.000000000000000000e+00 3.458934347995076819e-01 2.740010530149991075e-01 1.852695615177693267e-01 2.566522471237764336e-01 1.815643146857776891e-01 1.758261560615068941e-01 1.000000000000000000e+00 0.000000000000000000e+00 2.397403691621156907e-01 4.053298266081268308e-01 0.000000000000000000e+00 1.990294784135039630e-01 2.192171077517459377e-01 0.000000000000000000e+00 0.000000000000000000e+00 3.895537768530550893e-01 3.429463742389624037e-01 0.000000000000000000e+00 2.181514720469709956e-01 2.833383935646434093e-01 2.600297230653447755e-01 0.000000000000000000e+00 0.000000000000000000e+00 3.388204817995493778e-01 3.026542510312889012e-01 1.944590124667183173e-01 3.513445103231390143e-01
0.000000000000000000e+00 0.000000000000000000e+00 0.000000000000000000e+00 0.000000000000000000e+00 0.000000000000000000e+00 0.000000000000000000e+00 0.000000000000000000e+00 0.000000000000000000e+00 0.000000000000000000e+00 0.000000000000000000e+00 1.000000000000000000e+00 0.000000000000000000e+00 0.000000000000000000e+00 0.000000000000000000e+00 0.000000000000000000e+00 0.000000000000000000e+00 0.000000000000000000e+00 0.000000000000000000e+00 0.000000000000000000e+00 0.000000000000000000e+00 0.000000000000000000e+00 0.000000000000000000e+00 0.000000000000000000e+00 0.000000000000000000e+00 0.000000000000000000e+00 0.000000000000000000e+00 0.000000000000000000e+00 0.000000000000000000e+00 0.000000000000000000e+00 0.000000000000000000e+00
1.909289160697416610e-01 1.882999347034642335e-01 0.000000000000000000e+00 3.734789429305253594e-01 1.806044157475764633e-01 1.394876420156872798e-01 1.674731530872860252e-01 1.034231675677161899e-01 4.814654155547225534e-01 2.397403691621156907e-01 0.000000000000000000e+00 1.000000000000000000e+00 1.991107215891891880e-01 0.000000000000000000e+00 2.695465147529563232e-01 3.349372110290316784e-01 0.000000000000000000e+00 0.000000000000000000e+00 2.678158803343040351e-01 2.329855932104926697e-01 0.000000000000000000e+00 1.931543147648759340e-01 2.133198908561335372e-01 1.460395395143203323e-01 0.000000000000000000e+00 0.000000000000000000e+00 3.161357523567775996e-01 2.367199394362096143e-01 1.162653219787487396e-01 1.906585139699387699e-01
2.493713723782514380e-01 3.266472973075635888e-01 0.000000000000000000e+00 3.820985818768876663e-01 4.706637707984377417e-01 3.069999744608699066e-01 3.491118935104631227e-01 1.668079806922541652e-01 1.072403436518397785e-01 4.053298266081268308e-01 0.000000000000000000e+00 1.991107215891891880e-01 1.000000000000000000e+00 0.000000000000000000e+00 2.329977930068029557e-01 1.467069058317344299e-01 0.000000000000000000e+00 0.000000000000000000e+00 4.926750617825163547e-01 2.303044475091311216e-01 0.000000000000000000e+00 2.086547668039374637e-01 2.117278843115810438e-01 2.776444158423340136e-01 0.000000000000000000e+00 0.000000000000000000e+00 2.474805651095349779e-01 3.036800463369864755e-01 2.933996498923530094e-01 6.425792065721099844e-01
0.000000000000000000e+00 0.000000000000000000e+00 0.000000000000000000e+00 0.000000000000000000e+00 0.000000000000000000e+00 0.000000000000000000e+00 0.000000000000000000e+00 0.000000000000000000e+00 0.000000000000000000e+00 0.000000000000000000e+00 0.000000000000000000e+00 0.000000000000000000e+00 0.000000000000000000e+00 1.000000000000000000e+00 0.000000000000000000e+00 0.000000000000000000e+00 0.000000000000000000e+00 0.000000000000000000e+00 0.000000000000000000e+00 0.000000000000000000e+00 0.000000000000000000e+00 0.000000000000000000e+00 0.000000000000000000e+00 0.000000000000000000e+00 0.000000000000000000e+00 0.000000000000000000e+00 0.000000000000000000e+00 0.000000000000000000e+00 0.000000000000000000e+00 0.000000000000000000e+00
2.343100178297270464e-01 1.976777447704428925e-01 0.000000000000000000e+00 2.450444437345792037e-01 2.348187360293829684e-01 2.702389295026928484e-01 2.108358709316858759e-01 2.396933874206100545e-01 3.345715436770546058e-01 1.990294784135039630e-01 0.000000000000000000e+00 2.695465147529563232e-01 2.329977930068029557e-01 0.000000000000000000e+00 1.000000000000000000e+00 2.494892940718382579e-01 0.000000000000000000e+00 0.000000000000000000e+00 2.562461152694292532e-01 3.136285122459603891e-01 0.000000000000000000e+00 2.677985087266289699e-01 2.747271804965226716e-01 1.516083434196084379e-01 0.000000000000000000e+00 0.000000000000000000e+00 3.235326886725867213e-01 3.687074285272926577e-01 2.048452151080828454e-01 2.862433319160481160e-01
2.106079515680250036e-01 1.656418334763623545e-01 0.000000000000000000e+00 2.956295923156850303e-01 1.252290324490842877e-01 1.683729669206047164e-01 1.091996869702314965e-01 1.725615127221236944e-01 4.275969304567487361e-01 2.192171077517459377e-01 0.000000000000000000e+00 3.349372110290316784e-01 1.467069058317344299e-01 0.000000000000000000e+00 2.494892940718382579e-01 1.000000000000000000e+00 0.000000000000000000e+00 0.000000000000000000e+00 1.270228003930722604e-01 4.481524111561596690e-01 0.000000000000000000e+00 3.809493561877913548e-01 6.342100306227290707e-01 1.199697720430816100e-01 0.000000000000000000e+00 0.000000000000000000e+00 2.346550479418426371e-01 2.581259669029137838e-01 1.530897127932404622e-01 1.147742610508289823e-01
0.000000000000000000e+00 0.000000000000000000e+00 0.000000000000000000e+00 0.000000000000000000e+00 0.000000000000000000e+00 0.000000000000000000e+00 0.000000000000000000e+00 0.000000000000000000e+00 0.000000000000000000e+00 0.000000000000000000e+00 0.000000000000000000e+00 0.000000000000000000e+00 0.000000000000000000e+00 0.000000000000000000e+00 0.000000000000000000e+00 0.000000000000000000e+00 1.000000000000000000e+00 0.000000000000000000e+00 0.000000000000000000e+00 0.000000000000000000e+00 0.000000000000000000e+00 0.000000000000000000e+00 0.000000000000000000e+00 0.000000000000000000e+00 0.000000000000000000e+00 0.000000000000000000e+00 0.000000000000000000e+00 0.000000000000000000e+00 0.000000000000000000e+00 0.000000000000000000e+00
0.000000000000000000e+00 0.000000000000000000e+00 0.000000000000000000e+00 0.000000000000000000e+00 0.000000000000000000e+00 0.000000000000000000e+00 0.000000000000000000e+00 0.000000000000000000e+00 0.000000000000000000e+00 0.000000000000000000e+00 0.000000000000000000e+00 0.000000000000000000e+00 0.000000000000000000e+00 0.000000000000000000e+00 0.000000000000000000e+00 0.000000000000000000e+00 0.000000000000000000e+00 1.000000000000000000e+00 0.000000000000000000e+00 0.000000000000000000e+00 0.000000000000000000e+00 0.000000000000000000e+00 0.000000000000000000e+00 0.000000000000000000e+00 0.000000000000000000e+00 0.000000000000000000e+00 0.000000000000000000e+00 0.000000000000000000e+00 0.000000000000000000e+00 0.000000000000000000e+00
2.515981340711465064e-01 2.135135580707143987e-01 0.000000000000000000e+00 3.725052565876282862e-01 3.021101780464200970e-01 1.857334505098787725e-01 3.986499413935732372e-01 2.273873534910416105e-01 1.258109616896816441e-01 3.895537768530550893e-01 0.000000000000000000e+00 2.678158803343040351e-01 4.926750617825163547e-01 0.000000000000000000e+00 2.562461152694292532e-01 1.270228003930722604e-01 0.000000000000000000e+00 0.000000000000000000e+00 1.000000000000000000e+00 2.502450863181904794e-01 0.000000000000000000e+00 1.695478085607183549e-01 1.775273915588386764e-01 3.206761405297424150e-01 0.000000000000000000e+00 0.000000000000000000e+00 2.422667529663456165e-01 4.005107458597118031e-01 1.745464608011086383e-01 5.395813955804941164e-01
2.874416779062579641e-01 1.916143413608732693e-01 0.000000000000000000e+00 3.398475884656773083e-01 2.225384931706846092e-01 2.410865480792925564e-01 2.541833271102013625e-01 1.873311755345893892e-01 2.983208082436012987e-01 3.429463742389624037e-01 0.000000000000000000e+00 2.329855932104926697e-01 2.303044475091311216e-01 0.000000000000000000e+00 3.136285122459603891e-01 4.481524111561596690e-01 0.000000000000000000e+00 0.000000000000000000e+00 2.502450863181904794e-01 1.000000000000000000e+00 0.000000000000000000e+00 3.218465084752695771e-01 6.190917096373518280e-01 2.406202265413831809e-01 0.000000000000000000e+00 0.000000000000000000e+00 3.773256375453464262e-01 2.543266194688434401e-01 2.802880269310563666e-01 2.344208100359235769e-01
0.000000000000000000e+00 0.000000000000000000e+00 0.000000000000000000e+00 0.000000000000000000e+00 0.000000000000000000e+00 0.000000000000000000e+00 0.000000000000000000e+00 0.000000000000000000e+00 0.000000000000000000e+00 0.000000000000000000e+00 0.000000000000000000e+00 0.000000000000000000e+00 0.000000000000000000e+00 0.000000000000000000e+00 0.000000000000000000e+00 0.000000000000000000e+00 0.000000000000000000e+00 0.000000000000000000e+00 0.000000000000000000e+00 0.000000000000000000e+00 1.000000000000000000e+00 0.000000000000000000e+00 0.000000000000000000e+00 0.000000000000000000e+00 0.000000000000000000e+00 0.000000000000000000e+00 0.000000000000000000e+00 0.000000000000000000e+00 0.000000000000000000e+00 0.000000000000000000e+00
4.861411156886731866e-01 3.386551114572109999e-01 0.000000000000000000e+00 1.817273073190387167e-01 2.748002841188434964e-01 4.143273002378000114e-01 1.515115582945361083e-01 3.364880796480629876e-01 2.384087333456880731e-01 2.181514720469709956e-01 0.000000000000000000e+00 1.931543147648759340e-01 2.086547668039374637e-01 0.000000000000000000e+00 2.677985087266289699e-01 3.809493561877913548e-01 0.000000000000000000e+00 0.000000000000000000e+00 1.695478085607183549e-01 3.218465084752695771e-01 0.000000000000000000e+00 1.000000000000000000e+00 2.412886368729806330e-01 2.692493596618696361e-01 0.000000000000000000e+00 0.000000000000000000e+00 2.209477282321624381e-01 4.247577843950900434e-01 3.285551006315943767e-01 1.953405951235639149e-01
2.066260256379863491e-01 2.525476950727535974e-01 0.000000000000000000e+00 3.607674758891055156e-01 2.092100992406059901e-01 2.117967501147453857e-01 1.614713064329286740e-01 1.536126842921802238e-01 2.815972685572563639e-01 2.833383935646434093e-01 0.000000000000000000e+00 2.133198908561335372e-01 2.117278843115810438e-01 0.000000000000000000e+00 2.747271804965226716e-01 6.342100306227290707e-01 0.000000000000000000e+00 0.000000000000000000e+00 1.775273915588386764e-01 6.190917096373518280e-01 0.000000000000000000e+00 2.412886368729806330e-01 1.000000000000000000e+00 1.896854494399277946e-01 0.000000000000000000e+00 0.000000000000000000e+00 2.852849707104579413e-01 2.020553883276012264e-01 2.489680353862265549e-01 1.685096152284856763e-01
2.553584425412873116e-01 4.255827670769198323e-01 0.000000000000000000e+00 2.336331414751681990e-01 3.991735508959911582e-01 1.706098943968308856e-01 2.239959340706924318e-01 2.725855730068684757e-01 6.347660628198789623e-02 2.600297230653447755e-01 0.000000000000000000e+00 1.460395395143203323e-01 2.776444158423340136e-01 0.000000000000000000e+00 1.516083434196084379e-01 1.199697720430816100e-01 0.000000000000000000e+00 0.000000000000000000e+00 3.206761405297424150e-01 2.406202265413831809e-01 0.000000000000000000e+00 2.692493596618696361e-01 1.896854494399277946e-01 1.000000000000000000e+00 0.000000000000000000e+00 0.000000000000000000e+00 1.623250331761965648e-01 2.825764416974819171e-01 4.323581114506889755e-01 3.268883723601353486e-01
0.000000000000000000e+00 0.000000000000000000e+00 0.000000000000000000e+00 0.000000000000000000e+00 0.000000000000000000e+00 0.000000000000000000e+00 0.000000000000000000e+00 0.000000000000000000e+00 0.000000000000000000e+00 0.000000000000000000e+00 0.000000000000000000e+00 0.000000000000000000e+00 0.000000000000000000e+00 0.000000000000000000e+00 0.000000000000000000e+00 0.000000000000000000e+00 0.000000000000000000e+00 0.000000000000000000e+00 0.000000000000000000e+00 0.000000000000000000e+00 0.000000000000000000e+00 0.000000000000000000e+00 0.000000000000000000e+00 0.000000000000000000e+00 1.000000000000000000e+00 0.000000000000000000e+00 0.000000000000000000e+00 0.000000000000000000e+00 0.000000000000000000e+00 0.000000000000000000e+00
0.000000000000000000e+00 0.000000000000000000e+00 0.000000000000000000e+00 0.000000000000000000e+00 0.000000000000000000e+00 0.000000000000000000e+00 0.000000000000000000e+00 0.000000000000000000e+00 0.000000000000000000e+00 0.000000000000000000e+00 0.000000000000000000e+00 0.000000000000000000e+00 0.000000000000000000e+00 0.000000000000000000e+00 0.000000000000000000e+00 0.000000000000000000e+00 0.000000000000000000e+00 0.000000000000000000e+00 0.000000000000000000e+00 0.000000000000000000e+00 0.000000000000000000e+00 0.000000000000000000e+00 0.000000000000000000e+00 0.000000000000000000e+00 0.000000000000000000e+00 1.000000000000000000e+00 0.000000000000000000e+00 0.000000000000000000e+00 0.000000000000000000e+00 0.000000000000000000e+00
2.792272670560151937e-01 2.375507983619548069e-01 0.000000000000000000e+00 2.864451044503253940e-01 2.257807084570436496e-01 1.592852004649370767e-01 1.355790273331950457e-01 1.249314567765444778e-01 1.615945763785359701e-01 3.388204817995493778e-01 0.000000000000000000e+00 3.161357523567775996e-01 2.474805651095349779e-01 0.000000000000000000e+00 3.235326886725867213e-01 2.346550479418426371e-01 0.000000000000000000e+00 0.000000000000000000e+00 2.422667529663456165e-01 3.773256375453464262e-01 0.000000000000000000e+00 2.209477282321624381e-01 2.852849707104579413e-01 1.623250331761965648e-01 0.000000000000000000e+00 0.000000000000000000e+00 1.000000000000000000e+00 2.912244691547297148e-01 1.906353547945759397e-01 2.321800664460148822e-01
2.561572363622249826e-01 3.604291357441932186e-01 0.000000000000000000e+00 2.374405294347007866e-01 2.609852923823327564e-01 2.413012366112894935e-01 2.669922441569431149e-01 4.373948788005601052e-01 3.460845195220145776e-01 3.026542510312889012e-01 0.000000000000000000e+00 2.367199394362096143e-01 3.036800463369864755e-01 0.000000000000000000e+00 3.687074285272926577e-01 2.581259669029137838e-01 0.000000000000000000e+00 0.000000000000000000e+00 4.005107458597118031e-01 2.543266194688434401e-01 0.000000000000000000e+00 4.247577843950900434e-01 2.020553883276012264e-01 2.825764416974819171e-01 0.000000000000000000e+00 0.000000000000000000e+00 2.912244691547297148e-01 1.000000000000000000e+00 1.892131624543851032e-01 4.041180557574267640e-01
4.276227894547636743e-01 3.708455406388154740e-01 0.000000000000000000e+00 2.073943924124134475e-01 4.429994403827304250e-01 3.199237664503857270e-01 3.110261011561923361e-01 1.897263525336026491e-01 2.334676215119682249e-02 1.944590124667183173e-01 0.000000000000000000e+00 1.162653219787487396e-01 2.933996498923530094e-01 0.000000000000000000e+00 2.048452151080828454e-01 1.530897127932404622e-01 0.000000000000000000e+00 0.000000000000000000e+00 1.745464608011086383e-01 2.802880269310563666e-01 0.000000000000000000e+00 3.285551006315943767e-01 2.489680353862265549e-01 4.323581114506889755e-01 0.000000000000000000e+00 0.000000000000000000e+00 1.906353547945759397e-01 1.892131624543851032e-01 1.000000000000000000e+00 1.930095095617776757e-01
1.898426826809030132e-01 2.742108615732485877e-01 0.000000000000000000e+00 3.308049225562706974e-01 3.557490403436398552e-01 2.561203104069353920e-01 4.161343074584854529e-01 2.694327957233804693e-01 9.005059220747302362e-02 3.513445103231390143e-01 0.000000000000000000e+00 1.906585139699387699e-01 6.425792065721099844e-01 0.000000000000000000e+00 2.862433319160481160e-01 1.147742610508289823e-01 0.000000000000000000e+00 0.000000000000000000e+00 5.395813955804941164e-01 2.344208100359235769e-01 0.000000000000000000e+00 1.953405951235639149e-01 1.685096152284856763e-01 3.268883723601353486e-01 0.000000000000000000e+00 0.000000000000000000e+00 2.321800664460148822e-01 4.041180557574267640e-01 1.930095095617776757e-01 1.000000000000000000e+00
